1 ABDOS 47.6658333333 2.5297222222
2 ABIXO 42.1861111111 3.1083333333
3 ABLAN 47.3136111111 -1.4236111111
4 ABLIS 44.0650000000 1.4816666667
5 ABOSI 39.7791666667 -1.2844444444
6 ABRIX 43.6463888889 -1.9625000000
7 ABSIE 46.5833333333 -0.4583333333
8 ABUSO 45.8505555556 1.7486111111
9 ADABI 46.5611111111 0.5308333333
10 ADATU 45.5372222222 2.8255555556
11 ADEDI 43.1761111111 -2.1791666667
12 ADEKA 45.9416666667 3.1800000000
13 ADEVA 44.2500000000 3.2616666667
14 ADILU 46.1241666667 -0.8394444444
15 ADIMO 43.4919444444 1.9088888889
16 ADIVA 43.4986111111 4.9377777778
17 ADQ 38.8538888889 -3.9708333333
18 ADSER 43.2416666667 1.2030555556
19 ADUXO 40.5122222222 -2.0641666667
20 ADX 39.5494444444 2.3958333333
21 AFRIC 43.7741666667 2.8691666667
22 AG 44.1505555556 0.6736111111
23 AGENA 41.5447222222 3.4886111111
24 AGENO 43.4897222222 1.2744444444
25 AGN 43.8880555556 0.8727777778
26 AGO 45.7108333333 0.4269444444
27 AGO.D 45.7186802167 0.2383755000
28 AGOTU 47.7897222222 -2.0705555556
29 AGREV 45.0641666667 4.3175000000
30 AKAMU 39.6577777778 2.4713888889
31 AKEMO 47.1391666667 -3.0000000000
32 AKEPO 43.3158333333 -0.1383333333
33 AKOKI 40.2244444444 -3.2186111111
34 AKONO 47.7155555556 4.5894444444
35 AKOPA 41.6811111111 1.7916666667
36 AKUNU 43.1327777778 3.3733333333
37 ALABI 45.9458333333 4.8508333333
38 ALARO 47.4963888889 4.7491666667
39 ALBER 42.4513888889 2.8322222222
40 ALBIZ 43.2241666667 -2.6358333333
41 ALEPO 42.3436111111 -1.9633333333
42 ALIVA 43.9330555556 1.1469444444
43 ALOSU 41.9330555556 0.4986111111
44 ALT 38.2683333333 -0.5700000000
45 ALT.A 38.2882287500 -0.5619222500
46 ALT.D 38.2823164000 -0.5560695333
47 ALT01 38.2371194000 -0.3419413167
48 ALT02 38.2967747333 -0.5333963333
49 ALT03 38.2697830833 -0.5860480833
50 ALULO 47.3013888889 -4.8052777778
51 ALURA 46.5000000000 4.9527777778
52 AMB 47.4288888889 1.0644444444
53 AMBEL 41.7708333333 -1.7144444444
54 AMDAS 45.6816666667 3.7430555556
55 AMGAR 42.5550000000 -3.2533333333
56 AMIKO 45.1280555556 4.4830555556
57 AMLIR 44.4430555556 3.1650000000
58 AMOLO 43.8280555556 2.5788888889
59 AMONI 45.0672222222 4.8325000000
60 AMORO 46.5000000000 4.5380555556
61 AMPOL 40.8036111111 0.6391666667
62 AMPUR 43.3233333333 -3.4302777778
63 AMTOS 43.0000000000 -3.2211111111
64 AMUVa 46.0408333333 -3.3091666667
65 ANANA 39.0000000000 -2.4127777778
66 ANEKU 42.5244444444 1.8427777778
67 ANETO 42.6930555556 0.5583333333
68 ANG 47.5369444444 -0.8519444444
69 ANIGU 47.5363888889 -0.5313888889
70 ANTON 41.2600000000 1.6983333333
71 ANZAN 39.0000000000 -3.2213888889
72 AR 44.9555555556 2.3680555556
73 ARBEK 41.5438888889 1.1297222222
74 ARBIN 42.6797222222 -2.6138888889
75 ARBON 45.2833333333 4.8902777778
76 ARCON 40.0000000000 -2.3144444444
77 ARDEG 44.6691666667 4.5375000000
78 ARDOD 47.7313888889 -0.9058333333
79 ARDOL 46.7513888889 4.6375000000
80 ARGOR 39.5386111111 0.2986111111
81 ARJON 38.0447222222 -3.8747222222
82 ARKIP 47.6333333333 2.0363888889
83 ARLE0 40.5553857500 0.2699069167
84 ARLUN 42.0216666667 -3.6136111111
85 ARMAL 47.3408333333 2.0530555556
86 ARMAX 45.0286111111 1.7450000000
87 ARMUB 47.0080555556 -1.7208333333
88 ARNAV 47.2066666667 1.7902777778
89 ARNEV 47.9491666667 -0.4919444444
90 ARPIL 45.6861111111 0.6977777778
91 ARSOM 46.1372222222 3.4197222222
92 ARTAX 46.2575000000 1.7833333333
93 ARVEL 43.4522222222 2.0416666667
94 ASBIN 40.2550000000 -3.1763888889
95 ASKAN 45.0444444444 -1.0397222222
96 ASMOT 39.2758333333 2.7155555556
97 ASPAS 39.0000000000 -3.0458333333
98 ASPES 43.4958333333 -3.1566666667
99 ASPET 43.0000000000 0.9797222222
100 ASTEG 43.4144444444 4.1322222222
101 ASTEK 41.2088888889 1.8219444444
102 ASTRO 39.0244444444 -1.2630555556
103 ATLEN 44.5052777778 -4.9475000000
104 ATRID 46.8486111111 3.4086111111
105 AUB 44.4422222222 4.3619444444
106 AUCHE 43.6513888889 0.5583333333
107 AULON 44.3786111111 1.6475000000
108 AVD 47.0580555556 2.6300000000
109 AVILA 40.6247222222 -4.5500000000
110 AVLON 47.5600000000 3.8133333333
111 AVN 43.9952777778 4.7463888889
112 AX 47.9202777778 3.5022222222
113 BABOG 47.5141666667 1.3694444444
114 BADAM 44.0863888889 3.1705555556
115 BADET 43.4641666667 4.4958333333
116 BADRU 43.7363888889 -2.7966666667
117 BAGAD 47.5833333333 -2.8811111111
118 BAGAS 43.0983333333 -2.0947222222
119 BAGAX 39.0511111111 2.1544444444
120 BAGBI 46.8144444444 4.5966666667
121 BAGRO 43.2097222222 -0.0972222222
122 BAKAX 39.4570359667 2.5297923833
123 BAKNO 46.5000000000 3.5313888889
124 BAKTA 43.8366666667 -1.1027777778
125 BAKUL 47.3469444444 -1.6380555556
126 BAKUP 44.4125000000 -4.4361111111
127 BALAN 46.5161111111 1.0333333333
128 BALDE 41.2300000000 0.5227777778
129 BALIO 39.6483333333 4.1822222222
130 BALIV 47.6700000000 1.5116666667
131 BALMO 42.4166666667 4.5852777778
132 BALMU 47.8466666667 4.6397222222
133 BALNI 47.6180555556 -1.6738888889
134 BALRU 43.4797222222 3.7097222222
135 BAMGO 42.8822222222 3.0402777778
136 BAN 41.3236111111 -2.6300000000
137 BAN07 40.8278145667 -2.5617187167
138 BANBU 41.0166666667 1.5216666667
139 BANOL 42.1266666667 2.8466666667
140 BANVO 41.3236111167 -2.6302777833
141 BAPOR 43.6833333333 -2.7375000000
142 BARBO 42.4488888889 0.9027777778
143 BAREV 47.9675000000 -3.6377777778
144 BASIM 41.5044444444 -3.2666666667
145 BASLI 44.1147222222 2.9875000000
146 BASSO 39.5444444500 3.1225000000
147 BASTO 43.9216666667 -0.1955555556
148 BASVA 47.6986111111 -4.4233333333
149 BAVER 38.8797222222 0.6750000000
150 BAXOP 40.0575000000 -4.6111111111
151 BCN.A 41.2994388500 2.0844560333
152 BCN.D 41.2972901333 2.0768662333
153 BCN04 40.9109612167 2.3920050500
154 BCN12 41.0132562000 2.3655927667
155 BCN46 41.1447914333 1.8076067000
156 BCY 47.9852777778 1.7555555556
157 BD 44.9352777778 -0.5622222222
158 BDX 44.8272222222 -0.7233333333
159 BE 44.8705555556 -0.3977777778
160 BEBES 39.0733333333 1.7033333333
161 BEBIX 45.9491666667 1.3997222222
162 BEGOX 39.0691666667 -0.7719444444
163 BEGUY 43.0583333333 -1.4508333333
164 BELEN 43.9141666667 -2.7386111111
165 BELEP 45.7916666667 4.1316666667
166 BELIG 43.2672222222 0.0138888889
167 BELPA 44.9922222222 1.9452777778
168 BELVU 45.9525000000 4.0450000000
169 BEMAX 46.1655555556 -0.7597222222
170 BENED 40.2105555556 -2.1583333333
171 BENID 41.2380555556 1.4808333333
172 BERGA 42.1713888889 2.0319444444
173 BERUC 40.8850000000 -3.5613888889
174 BESOR 38.4663888889 -0.2291666667
175 BEVOL 47.0119444444 0.9308333333
176 BEVTO 44.4816666667 2.3377777778
177 BEXID 39.5744444444 -3.4847222222
178 BEXUR 41.9477777833 3.2086111167
179 BGC 44.8194444444 0.6191666667
180 BGC.A 44.8151968667 0.5302620833
181 BGC.D 44.8180360667 0.5110792167
182 BGR 41.9477777778 3.2091666667
183 BIBEL 42.7341666667 -1.8827777778
184 BIDAC 43.4172222222 -1.1355555556
185 BINVA 39.0000000000 -3.9083333333
186 BIRSO 47.8325000000 0.5150000000
187 BISBA 42.0863888889 3.6258333333
188 BISBI 44.0652777778 2.4561111111
189 BISES 41.3186111111 1.6891666667
190 BISKA 43.6833333333 -2.8138888889
191 BIVSO 45.1661111111 1.3097222222
192 BL045 41.6543041500 3.0251583167
193 BL057 40.8607578667 2.2995525333
194 BL058 40.9369960167 2.2786760000
195 BLASO 40.6527777778 3.6444444444
196 BLB 47.6738888889 1.2025000000
197 BLN 38.1525000000 -3.6250000000
198 BLV 43.3044444444 -2.9358333333
199 BMC 44.8269444444 -0.7211111111
200 BMC.A 44.8339567500 -0.7078404500
201 BMC.D 44.8266053500 -0.7092621833
202 BMC01 44.7937763833 -0.7734060000
203 BMC03 44.9930355667 -0.7756432667
204 BOBRI 46.8383333333 -1.1902777778
205 BOBSI 46.3241666667 4.9852777778
206 BOGAS 39.5061111111 -3.8247222222
207 BOGRO 43.3113888889 0.7500000000
208 BOKNO 47.0469444444 0.6916666667
209 BOLGU 45.9322222222 -0.0605555556
210 BOLSA 43.3341666667 3.3150000000
211 BONIL 38.9352777778 -2.5041666667
212 BORGO 43.1461111111 4.7708333333
213 BORGU 45.9422267333 0.0261146500
214 BOSIO 40.3408333333 -3.5205555556
215 BRA 40.4691666667 -3.5575000000
216 BRA02 40.5573756333 -3.5450642833
217 BRA06 40.7230416333 -3.5636953333
218 BRA08 40.9700540333 -3.5787461000
219 BRAVO 40.5633333333 -3.7472222222
220 BRITO 41.0791666667 -2.0780555556
221 BRIVE 44.9322222222 1.4122222222
222 BROTO 42.4244444444 0.1538888889
223 BRUNO 38.6083333333 0.4833333333
224 BRUSC 43.7475000000 3.0233333333
225 BSC 44.9952777778 1.6219444444
226 BSC.A 45.0107221500 1.5602792333
227 BSC.D 45.0140615833 1.5413500667
228 BTZ 43.4666666667 -1.5102777778
229 BTZ.A 43.4732797333 -1.5304974000
230 BTZ.D 43.4736401167 -1.5380027333
231 BUDOM 40.6563888833 -2.8166666667
232 BUGIX 42.3580555556 -3.6352777778
233 BUGUS 45.0000000000 0.9605555556
234 BULTO 43.2736111111 4.9033333333
235 BUR 42.3550000000 -3.6136111111
236 BUREX 39.8111111111 -3.9394444444
237 BUROV 41.5972222222 -0.8747222222
238 BUROX 43.6305555556 1.2550000000
239 BUSIL 46.2936111111 4.7219444444
240 BUYAH 38.1130555556 3.1513888889
241 BX 44.5672222222 3.4691666667
242 BZ 43.4705555556 -1.4036111111
243 BZR.A 43.3359300000 3.3372344833
244 BZR.D 43.3332444667 3.3646350333
245 CAA 44.5513888889 -1.1200000000
246 CACHI 47.0666666667 4.1066666667
247 CALCE 43.3627777778 -3.3166666667
248 CAMBY 40.8641666667 1.1822222222
249 CARLO 41.0344444444 -2.1691666667
250 CARME 39.7477777778 4.1977777778
251 CASIM 40.2308333333 0.1430555556
252 CASOL 39.1936111111 2.8419444444
253 CASPE 41.2683333333 0.1994444444
254 CATON 39.8052777778 -1.2116666667
255 CAVES 41.4833333333 1.6636111111
256 CC 46.7211111111 4.8430555556
257 CDP 39.6975000000 3.4341666667
258 CEGAM 42.9836111111 -2.2363888889
259 CENTA 39.9005555556 -1.4319444444
260 CF 45.8047222222 3.3616666667
261 CFA 45.7875000000 3.1922222222
262 CFA.A 45.7949963500 3.2068415167
263 CFA.D 45.7906701000 3.1612534833
264 CGC 45.6613888889 -0.3077777778
265 CHABY 47.7966666667 3.9486111111
266 CHALA 45.3552777778 0.1308333333
267 CHELY 41.0750000000 4.5050000000
268 CHOMI 43.2647222222 -2.5980555556
269 CJN 40.3719444444 -2.5447222222
270 CJN03 40.2680362000 -2.2620316167
271 CLE 41.6400000000 2.6347222222
272 CLE03 41.2166174833 2.7577959500
273 CLS 39.7072222222 -0.9863888889
274 CM 43.9083333333 4.9052777778
275 CMA 40.8672222222 -1.2980555556
276 CNA 45.6594444444 -0.3116666667
277 CNA.A 45.6357014833 -0.3543438167
278 CNA.D 45.6315583000 -0.3665267500
279 CNR 40.6458333333 -3.7358333333
280 COMPI 39.3508333333 -0.0077777778
281 COQUE 47.0791666667 -4.9905555556
282 CORDA 40.4155555556 2.2558333333
283 CORMA 43.9216666667 -0.2041666667
284 CORVA 41.2097222222 2.2747222222
285 CRETA 40.8722222222 0.0616666667
286 CRISA 38.9386111111 -4.5563888889
287 CS 43.2225000000 2.2075000000
288 CSM 44.0872222222 1.1308333333
289 CST 39.6413888889 2.9155555556
290 CTN 40.2186111111 0.0891666667
291 CTX 46.9366666667 1.8011111111
292 CUCAS 41.8077777778 -4.7961111111
293 CVT 40.3677777778 -3.7733333333
294 CVU 43.6325000000 2.2091666667
295 CVU.A 43.6358050333 2.2097944167
296 CVU.D 43.6300510667 2.2162080833
297 DADIV 40.3930555556 -3.3408333333
298 DALIN 41.7338888889 3.3577777778
299 DAMLO 47.3958333333 -1.6869444444
300 DEGAX 46.0652777778 -0.9111111111
301 DEGEX 47.7438888889 -3.1566666667
302 DEGOL 43.7805555556 2.8522222222
303 DEGUK 44.1083333333 0.7308333333
304 DELOG 44.3288888889 -3.9875000000
305 DEPES 44.1233333333 2.1644444444
306 DEPOM 47.3177777778 2.1791666667
307 DESAB 45.8302777778 -2.9591666667
308 DETUN 47.0713888889 4.6477777778
309 DEVRO 47.4955555556 0.7386111111
310 DGO 42.4533333333 -2.8805555556
311 DIBAG 45.7894444444 0.7875000000
312 DIBER 42.0797222222 4.4150000000
313 DIBES 47.5075000000 1.1047222222
314 DIDRU 46.1816666667 0.0311111111
315 DILRA 45.8500000000 -1.2255555556
316 DILUM 41.3277777778 2.1680555556
317 DIPES 41.0630555556 3.5400000000
318 DIPOL 40.4163888889 -4.6763888889
319 DIRAX 44.5522222222 -0.4544444444
320 DIRBA 46.0000000000 4.5025000000
321 DIRMO 47.0891666667 2.1922222222
322 DIRMU 41.7855555556 0.1594444444
323 DISET 41.2311111111 0.7658333333
324 DISIS 43.5419444444 0.2147222222
325 DISKO 41.0152777778 -4.2233333333
326 DISVU 40.7402777778 -1.2633333333
327 DITOP 43.0155555556 -1.7644444444
328 DIVAG 46.0661111111 -0.9102777778
329 DIVDA 47.9591666667 3.8086111111
330 DIVKO 43.0561111111 4.7769444444
331 DODOM 43.3419444444 0.9344444444
332 DOGOV 46.9366666667 -1.7747222222
333 DOLES 40.4077777778 -4.0691666667
334 DOMOD 47.8627777778 1.2858333333
335 DONAV 40.0763888889 4.2702777778
336 DONOS 43.2838888889 -1.4913888889
337 DOPEN 39.7552777778 -4.3836111111
338 DORMI 40.8711111111 0.3850000000
339 DOSOP 39.3908333333 3.1255555556
340 DOSUL 43.6805555556 -3.3166666667
341 DOTIS 41.2019444444 2.0247222222
342 DRAGO 40.0077777778 1.7655555556
343 DUKKE 40.6197222222 -2.9041666667
344 DUNES 40.8638888889 3.1575000000
345 DX 43.6975000000 -1.0280555556
346 EAG 42.4513888889 -2.3147222222
347 EB 45.6380555556 4.2833333333
348 EBROX 40.7086111111 1.2316666667
349 EBT 39.6255555556 -0.4719444444
350 EBU.A 45.5590279667 4.2784650500
351 ECV 40.6997222222 -3.7627777778
352 EDIGO 41.5041666667 -3.4116666667
353 EDIMU 40.7783333333 -1.8283333333
354 EDIVA 41.4861111111 -2.3791666667
355 EDULI 39.4061111111 2.4175000000
356 ELKEM 38.1488888889 1.7713888889
357 ELKUK 47.0097222222 0.8977777778
358 ELNER 47.2277777778 -1.7530555556
359 ELROT 40.4850000000 -2.1583333333
360 ELSOS 41.8186111167 2.8711111167
361 ELVIR 40.3730555556 -3.2319444444
362 ELVIS 38.4958333333 -4.9058333333
363 ELVOP 41.0461111111 4.7758333333
364 EMANU 42.9577777778 -3.7808333333
365 EMBEX 41.9533333333 -1.2194444444
366 EMBUR 45.3805555556 3.5241666667
367 ENESO 46.2005555556 2.9308333333
368 ENOBU 47.1852777778 -0.6716666667
369 ENSAC 44.2000000000 -0.6902777778
370 EPAMA 39.6030555556 1.3802777778
371 ERBIN 47.4008333333 -2.3258333333
372 EREMA 41.0816666667 -4.1397222222
373 ERGUL 44.2497222222 3.4488888889
374 ERIGA 46.8600000000 -2.3630555556
375 ERMOX 38.8186111111 -3.6541666667
376 ERTOK 47.5850000000 2.2911111111
377 ESERA 44.1477777778 3.5297222222
378 ESISI 44.8927777778 1.4283333333
379 ESPAL 44.4488888889 2.8333333333
380 ESPIG 43.5108333333 4.1052777778
381 ESPIN 40.8494444444 -2.5000000000
382 ESPOR 40.2830555556 2.0955555556
383 ETABU 45.6380555556 4.2836111111
384 ETAKI 44.5066666667 4.5883333333
385 ETAMO 46.8402777778 2.3375000000
386 ETANA 39.5713888889 -3.5816666667
387 ETOMA 43.6783333333 4.8711111111
388 ETPAR 45.1958333333 -0.8616666667
389 ETPIL 47.0644444444 0.2775000000
390 ETREK 45.1877777778 4.6386111111
391 ETURA 38.2080555556 -2.1886111111
392 EVADO 43.1925000000 3.4530555556
393 EVETO 43.9458333333 4.5227777778
394 FBA.A 44.1886491000 0.5813370000
395 FBA.D 44.2005485833 0.5873054500
396 FBM.D 43.9192221833 -0.5258389000
397 FBP.A 43.3790863167 -0.4200931333
398 FBP.D 43.3883431000 -0.4235881000
399 FC 44.6708333333 1.7869444444
400 FCR.A 44.4022536500 2.4885411667
401 FCR.D 44.4130763667 2.4768464000
402 FEBRI 43.3097222222 -2.2738888889
403 FECHO 47.9119444444 -1.4711111111
404 FERD0 40.8314250000 -2.9450688000
405 FERMI 42.5425000000 -1.7700000000
406 FESTA 41.4422222222 -1.1044444444
407 FEVIK 41.6797222222 3.1961111111
408 FFF.D 47.5803735833 -0.2991347500
409 FG 43.5566666667 4.0141666667
410 FINOT 43.7150000000 2.0300000000
411 FISTO 44.4613888889 1.2272222222
412 FJR 43.5783333333 3.9747222222
413 FJR.A 43.5857774333 3.9605435167
414 FJR.D 43.5905894000 3.9788836333
415 FLA.D 47.8406364500 3.4912817167
416 FLD.A 47.0869536667 2.3793377000
417 FLD.D 47.0698459833 2.3881208333
418 FLN.A 46.3973345167 4.0154035500
419 FLN.D 46.3897664833 3.9785632333
420 FLW.A 44.9374959333 2.4075649000
421 FLW.D 44.9192436500 2.4404910000
422 FMS.A 44.0958738167 4.1887731000
423 FMV.A 43.9080158500 4.9022473667
424 FMV.D 43.9150427833 4.8942257500
425 FOQ.A 47.6949004667 1.2130816000
426 FOQ.D 47.6967343500 1.1889325333
427 FOUCO 45.7547222222 0.4805555556
428 FTW.A 43.7572884000 4.4264153167
429 FTW.D 43.7575831333 4.4139918667
430 GAGOS 39.8769444444 -4.5338888889
431 GAI 43.9541666667 1.8241666667
432 GALAT 40.1544444444 1.9408333333
433 GALDO 43.2594444444 1.7458333333
434 GAPLU 41.8833333333 2.5486111111
435 GARBI 40.8027777778 2.2866666667
436 GARVU 42.1711111111 -2.0777777778
437 GASMO 41.7294444444 -3.0488888889
438 GATMO 46.0375000000 -3.7133333333
439 GAUDE 43.0000000000 0.6366666667
440 GAVMA 41.2658333333 1.9872222222
441 GAVRU 42.1713654167 -2.0611479333
442 GE 40.1997222222 -3.8441666667
443 GEANT 42.4333333333 2.2163888889
444 GEMAS 41.8450000000 0.7302777778
445 GENIO 38.2936111111 3.1477777778
446 GERVA 46.0577777778 2.8744444444
447 GERVU 38.8200000000 0.4833333333
448 GIGNA 43.6580555556 3.5294444444
449 GILUR 44.6350000000 2.3205555556
450 GILUX 47.7241666667 1.7430555556
451 GIMAT 45.4855555556 3.5844444444
452 GINON 47.1666666667 0.1800000000
453 GIPEX 47.7575000000 2.6233333333
454 GIR 41.9313888889 2.7716666667
455 GIR.A 41.9022670667 2.7603478667
456 GIR.D 41.8914040333 2.7615182167
457 GIRAK 44.6477777778 1.8105555556
458 GIRAX 44.9400000000 1.7911111111
459 GIRKO 46.1702777778 -0.9033333333
460 GIROM 42.7747222222 0.9972222222
461 GL 47.0527777778 -1.6877777778
462 GL.LF 47.0523217500 -1.6866839500
463 GODAN 47.6419444444 -1.9600000000
464 GODEM 46.0519444444 -2.2500000000
465 GODOX 39.3725000000 1.4108333333
466 GODPI 41.7252777778 -0.5955555556
467 GOKAS 43.7208333333 2.1063888889
468 GOMAM 43.5677777778 0.9091666667
469 GOMSO 42.9950000000 -1.5000000000
470 GONAP 46.1627777778 4.5022222222
471 GONIM 44.4544444444 2.8422222222
472 GONPO 45.7033333333 0.5216666667
473 GONUP 43.4608333333 0.7588888889
474 GOPIN 47.0422222222 -3.6808333333
475 GORET 47.9522222222 4.0313888889
476 GOSAD 44.1100000000 1.7594444444
477 GOTOR 40.1108333333 -3.7244444444
478 GOXIP 39.0000000000 -4.4644444444
479 GRAUS 41.9791666667 0.3763888889
480 GRN01 42.0241877500 2.8063692167
481 GUERE 46.1900000000 2.0894444444
482 GURGO 46.3488888889 3.8294444444
483 GUSON 46.4741666667 1.4777777778
484 HERMI 41.4736111111 -2.5333333333
485 HIG 43.3863888889 -1.7958333333
486 HUE 42.0733333333 -0.3188888889
487 IBA 38.8683333333 1.3658333333
488 IBI 38.8672222222 1.3625000000
489 IBRAP 42.3616666667 2.0586111111
490 IBSUS 47.5147222222 -1.1175000000
491 IBZ 38.8763888889 1.3850000000
492 IDAVO 46.2472222222 4.9636111111
493 IDKER 43.6430555556 -3.6630555556
494 IML 40.5252777778 -3.5583333333
495 INBAB 45.5736111111 -3.8100000000
496 INDEG 40.8536111111 -3.7922222222
497 INDEL 42.4558333333 -2.7050000000
498 INDIA 41.3447222222 -0.9147222222
499 INTAX 39.5900000000 -2.9338888889
500 IPN 42.7777777778 -1.6505555556
501 ISTER 40.0647222222 4.6666666667
502 ITR 43.5261111111 4.9269444444
503 ITS 43.5002777778 4.9400000000
504 IZA 38.9155555556 1.4705555556
505 IZA.A 38.8772804833 1.3693045500
506 IZA.D 38.8731546833 1.3724297500
507 JOA 39.5647222222 2.7466666667
508 KABOB 43.7172222222 1.0566666667
509 KABRE 39.1436111111 2.9566666667
510 KALDO 43.4402777778 -3.2236111111
511 KALMA 40.4113888889 -4.2994444444
512 KAMPO 39.7333333333 -4.0552777778
513 KANIG 42.4802777778 2.9830555556
514 KARDO 41.8183333333 1.6108333333
515 KARES 41.3311111111 1.1522222222
516 KARMA 43.1283333333 -2.4436111111
517 KARPU 47.2755555556 -1.4713888889
518 KASON 47.5583333333 4.7700000000
519 KATAL 38.5938888889 -0.6627777778
520 KELAM 43.1719444444 2.8686111111
521 KENAS 40.5000000000 3.1408333333
522 KEPER 47.8061111111 0.2738888889
523 KERAK 47.8222222222 -3.1519444444
524 KEREB 47.5913888889 -4.5247222222
525 KERIP 40.9413888889 0.8558333333
526 KILVA 39.0000000000 -2.9150000000
527 KOLAX 43.5325000000 -4.1994444444
528 KONKE 41.0333333333 -1.7769444444
529 KONON 43.2680555556 2.4258333333
530 KOPOM 39.0000000000 -4.8977777778
531 KORAB 43.8066666667 2.7016666667
532 KORER 47.6850000000 -2.5008333333
533 KOSIT 41.9352777778 2.0602777778
534 KOTIS 47.2300000000 2.8025000000
535 KOTOP 42.5044444444 4.2680555556
536 KOVAK 47.9930555556 0.8466666667
537 KOVAM 39.3919444444 -0.7911111111
538 KUDEX 42.7344444444 -2.1930555556
539 KUGAX 41.0958333333 1.4766666667
540 KUKOR 46.5419444444 3.1291666667
541 KUNAX 40.8313888889 -2.9400000000
542 KUPOL 47.6205555556 4.5561111111
543 KUREG 40.8994444444 2.7188888889
544 KURIR 44.7255555556 4.9002777778
545 KURIS 47.5997222222 -1.5175000000
546 KURUK 43.2341666667 -3.9333333333
547 KUSEK 47.7061111111 2.5711111111
548 KUTAN 47.8075000000 4.2563888889
549 KUTEL 43.4808333333 -3.3575000000
550 LA6 47.9783541667 -0.6772539667
551 LABAL 46.0275000000 3.3550000000
552 LABAP 44.6150000000 -0.8333333333
553 LABOG 43.0769444444 -0.0147222222
554 LACOU 44.2966666667 0.9044444444
555 LAGAB 47.8894444444 -1.9916666667
556 LAGOR 46.5000000000 -1.8441666667
557 LAKOB 46.8833333333 3.0961111111
558 LALMO 47.8227777778 -3.1588888889
559 LALPI 40.9588888889 -3.7036111111
560 LALTA 43.1836111111 0.1786111111
561 LAMPA 38.8016666667 1.9241666667
562 LAMUT 47.1183333333 2.9847222222
563 LANET 42.7027777778 3.1072222222
564 LAPIT 40.8952777778 4.4613888889
565 LAPOS 44.3400000000 -0.8600000000
566 LAPRO 43.4166666667 2.8575000000
567 LARDA 42.1316666667 -1.3619444444
568 LAROK 46.7108333333 -1.4336111111
569 LARON 46.2275000000 2.1983333333
570 LARPA 40.6266666667 2.3486111111
571 LARSU 44.6683333333 4.9216666667
572 LARU1 44.4169427833 0.9097995500
573 LASBO 43.6052777778 1.5511111111
574 LASDI 38.9375000000 1.0580555556
575 LASEV 45.9811111111 2.2613888889
576 LASKU 43.5041666667 -4.8733333333
577 LASPO 39.2825000000 -0.5444444444
578 LATAM 45.0338888889 4.2391666667
579 LATEK 42.8750000000 -0.6569444444
580 LATRO 41.7716666667 1.6183333333
581 LAVAL 40.3169444444 3.5700000000
582 LAVKU 43.7547222222 1.6580555556
583 LAVRA 44.6541666667 1.5302777778
584 LBH.A 46.1806391500 -1.1755036000
585 LBH.D 46.1969295500 -1.1967645500
586 LCA 46.6913888889 2.1497222222
587 LEBRI 45.8111111111 -2.5336111111
588 LECAR 45.6994444444 1.0161111111
589 LEGRI 46.1158333333 4.3183333333
590 LEKLA 43.8497222222 3.3713888889
591 LEKTO 43.0658333333 -2.4141666667
592 LEMIN 46.5166666667 3.0536111111
593 LEMKA 46.6288888889 -0.2500000000
594 LENSU 47.9650000000 -2.9622222222
595 LERGA 45.2572222222 3.7502777778
596 LERGI 45.0000000000 0.5000000000
597 LES.A 43.3549933000 -1.8062123500
598 LES.D 43.2893254000 -1.9193706167
599 LESBA 41.2550000000 2.6627777778
600 LESPI 46.1136111111 3.9577777778
601 LEV.A 42.8730876500 -2.7310999500
602 LEV.D 42.8772830000 -2.7471159000
603 LEX.A 43.4121522000 -3.7507945500
604 LEX.D 43.4340862833 -3.7462430167
605 LFB.A 45.8830029000 1.1823022667
606 LFB.D 45.8556748833 1.1744342833
607 LFC.A 43.9973530000 3.1837473500
608 LFH.A 45.1020233333 3.7636727833
609 LFPBA 47.6790794167 4.6230388833
610 LFT.A 45.9382880833 4.6120072167
611 LFT.D 45.9137289500 4.6392289667
612 LFX.A 46.8509647833 1.6941269667
613 LFX.D 46.8568655833 1.7205378333
614 LFY.A 45.7204637833 4.9290894667
615 LFY.D 45.7161288333 4.9433021167
616 LGH 43.9108333333 -0.4950000000
617 LIBRU 44.8897222222 -0.1900000000
618 LIMTA 47.8180555556 1.8475000000
619 LINAK 45.5294444444 1.1530555556
620 LIPOR 40.4911111111 -2.8480555556
621 LIRMA 47.6988888889 -3.7155555556
622 LISAS 40.2022222222 2.4963888889
623 LMB 43.4666666667 -0.0183333333
624 LMG 45.8158333333 1.0255555556
625 LMT 43.7175000000 0.6030555556
626 LOBAR 41.7480555556 0.3183333333
627 LODKO 45.7877777778 -0.0930555556
628 LOE 46.0302777778 1.3394444444
629 LOGRO 39.0000000000 -3.8994444444
630 LOKPA 44.2188888889 1.1519444444
631 LOMRA 43.3441666667 1.8830555556
632 LONGA 40.4383333333 -4.8772222222
633 LOPLA 47.4716666667 -3.5872222222
634 LOPNA 42.6386111111 -2.9608333333
635 LOR 47.7613888889 -3.4411111111
636 LORES 40.5000000000 2.7025000000
637 LORPI 46.2413888889 -0.8802777778
638 LORTO 43.6319444444 0.9961111111
639 LOTOS 40.5497222222 1.0030555556
640 LP 47.1352777778 -0.8391666667
641 LPA 42.4605555556 -2.3269444444
642 LRD 41.5527777778 0.6480555556
643 LSU 45.7827777778 1.1052777778
644 LUGEN 46.5833333333 -0.8611111111
645 LUKEP 43.2494444444 -2.7697222222
646 LUKEV 41.7661111111 2.2686111111
647 LULAK 39.5233333333 2.8216666667
648 LULID 47.1250000000 -1.6322222222
649 LULUT 44.3986111111 -0.8397222222
650 LUMAN 47.9394444444 0.4133333333
651 LUMAS 41.7333333333 4.6666666667
652 LUMID 44.2333333333 3.7891666667
653 LUNEL 43.6894444444 4.1458333333
654 LUNIK 40.4397222222 3.3925000000
655 LUPES 40.2333333333 -4.6111111111
656 LURAN 42.9727777778 -0.9791666667
657 LUSEM 43.3747222222 -1.7805555556
658 LUSON 46.5000000000 -1.3508333333
659 LUTIL 47.5963888889 0.0861111111
660 LUXUR 38.2133333333 3.4219444444
661 MAA 40.4658333333 -3.5547222222
662 MABIP 43.2216666667 1.5216666667
663 MABOL 43.4580555556 0.5583333333
664 MABUX 39.5491666667 -1.1497222222
665 MAD.A 40.4675938000 -3.5532797167
666 MAD.D 40.4791539333 -3.5614889667
667 MADIV 46.6572222222 3.9236111111
668 MADOT 45.7300000000 4.5138888889
669 MAGAL 38.0733333333 -0.2308333333
670 MAGEC 43.7483333333 -1.1958333333
671 MAGIN 40.7669444444 -3.5647222222
672 MAKIL 44.2097222222 2.3397222222
673 MAKOX 45.3327777778 1.2380555556
674 MALAT 45.2372222222 4.3347222222
675 MALEB 45.4308333333 3.1813888889
676 MALOB 42.8450000000 -1.9386111111
677 MALOU 43.6288888889 3.0047222222
678 MAMEB 39.7627777778 3.9919444444
679 MAMES 42.2091666667 4.0002777778
680 MAMOM 39.2175000000 4.0908333333
681 MAMUK 41.8366666667 2.0722222222
682 MANAK 46.2133333333 -0.9419444444
683 MANCO 40.8863888889 -3.5769444444
684 MANDY 39.9116666667 -1.0405555556
685 MAPAX 43.6836111111 -3.0441666667
686 MAPEB 47.8280555556 0.0036111111
687 MAPRI 44.7100000000 -0.8630555556
688 MAREN 45.7333333333 -1.0616666667
689 MARIO 42.2102777778 -0.2441666667
690 MAROT 41.6055555556 3.8602777778
691 MARRE 45.4350000000 0.2836111111
692 MARRI 43.3847222222 4.4741666667
693 MARTA 40.3547222222 1.2800000000
694 MASAM 43.4677777778 2.2519444444
695 MASAN 43.4675335500 2.2513185667
696 MATEX 40.5566666667 0.2655555556
697 MATOT 47.7705555556 0.2355555556
698 MAVAC 45.5163888889 1.0019444444
699 MAVUK 47.7994444444 0.1197222222
700 MAXOS 40.4400000000 4.7552777778
701 MAZET 43.7261111111 4.8975000000
702 MBB 40.4761111111 -3.5372222222
703 MBY 46.5413888889 3.4994444444
704 MC 46.3725000000 2.4927777778
705 MDM 43.9100000000 -0.5044444444
706 MEBAK 45.7080555556 4.6488888889
707 MEBUT 38.7511111111 2.2280555556
708 MECKI 41.6619444444 0.6786111111
709 MEDAP 43.9216666667 2.0216666667
710 MEIZE 43.4491666667 3.6283333333
711 MEN 44.6083333333 3.1625000000
712 MENOX 46.5719444444 3.2200000000
713 MEROS 40.5000000000 4.3666666667
714 MEZIN 45.0172222222 4.1958333333
715 MHN 39.8636111111 4.2163888889
716 MHN.A 39.8526330000 4.2260543833
717 MHN.D 39.8618890833 4.2272652167
718 MIGRA 45.6841666667 1.0152777778
719 MINDI 45.1369444444 4.0422222222
720 MINGU 39.8261111111 -1.4808333333
721 MINPA 45.1044444444 3.1747222222
722 MIRBA 44.7238888889 0.3269444444
723 MIRPO 42.6311111111 -2.1552777778
724 MITOS 38.4494444444 -0.0136111111
725 MITUM 40.6455555556 -3.2477777778
726 MJV 39.4352777778 2.7583333333
727 MLA 41.1297222222 0.1652777778
728 MM 46.6013888889 4.3313888889
729 MOGIL 38.1319444444 3.2019444444
730 MOKDI 44.9569444444 3.1669444444
731 MOKOR 47.0069444444 -2.0138888889
732 MOKUP 47.0963888889 -1.4436111111
733 MOLAR 38.5502777778 1.5988888889
734 MOLEN 44.0552777778 4.5127777778
735 MOLIN 39.0000000000 -4.6858333333
736 MOMAT 41.0816666667 0.9697222222
737 MOMIL 46.5461111111 4.5466666667
738 MONIX 43.3363888889 1.8969444444
739 MONOX 43.6222222222 -1.3372222222
740 MONTO 39.2216666667 -4.4969444444
741 MONTU 46.9300000000 -1.1466666667
742 MOPAS 42.4352777778 1.0344444444
743 MOPEM 46.2836111111 4.3841666667
744 MOPIR 39.4125000000 -0.8377777778
745 MORAL 39.0000000000 -3.5422222222
746 MORIL 43.0658333333 2.3502777778
747 MORSS 39.9566666667 4.6666666667
748 MOSCO 43.2036111111 -3.8413888889
749 MOTAL 47.5766666667 2.2200000000
750 MOTIK 44.4783333333 -0.8333333333
751 MOTIL 39.5388888889 -1.7452777778
752 MOU 46.7066666667 3.6316666667
753 MT 47.3338888889 -2.0444444444
754 MTL 44.5550000000 4.7797222222
755 MULAT 39.4000000000 -0.1800000000
756 MUREN 41.0575000000 4.6666666667
757 MUROS 39.7188888889 3.0800000000
758 MURRO 45.3327777778 4.3755555556
759 MUT.A 43.4568798500 1.2789269833
760 MUT.D 43.4441634500 1.2712071000
761 NAKET 45.3127777778 4.2066666667
762 NAKIS 44.3225000000 4.0980555556
763 NAKOP 39.6225000000 3.2391666667
764 NAMAR 47.8847222222 -0.4586111111
765 NANDO 39.9888888889 -2.1744444444
766 NARAK 44.2952777778 1.7488888889
767 NARGO 38.7383333333 -0.9986111111
768 NARIV 45.8283333333 4.2600000000
769 NASEP 44.5150000000 2.2322222222
770 NASGO 42.0916666667 2.8327777778
771 NASOS 39.3991666667 -3.0277777778
772 NATPA 39.9188888889 -4.5863888889
773 NATUL 41.1433333333 -3.1819444444
774 NAVAR 40.3766666667 0.5216666667
775 NEA 42.0275000000 -4.1091666667
776 NEDAN 47.4405555556 -1.2647222222
777 NEDUS 42.6533333333 -4.8497222222
778 NEKEM 46.5000000000 3.4141666667
779 NEKTA 43.7508333333 3.0250000000
780 NELAS 40.0941666667 3.5208333333
781 NELEN 45.1186111111 4.6116666667
782 NEMOT 47.2138888889 -1.5475000000
783 NEMUM 42.0091666667 3.3930555556
784 NENDA 41.6844444444 2.7513888889
785 NENEM 44.0513888889 -3.1502777778
786 NENOS 38.8616666667 -1.3330555556
787 NEPAL 40.6927777778 1.9247222222
788 NEPAP 46.9338888889 3.6794444444
789 NERTI 45.7022222222 0.9055555556
790 NETRO 44.0508333333 1.5730555556
791 NEV 47.1530555556 2.9294444444
792 NEVIC 39.3316666667 3.4322222222
793 NEXAS 40.8711111111 -0.7927777778
794 NG 43.8572222222 4.4063888889
795 NG.aa 43.8555746333 4.4128943500
796 NIBEN 40.0561111111 -0.2616666667
797 NIGAG 46.2563888889 -0.2788888889
798 NIGLO 45.8491666667 3.8233333333
799 NILDU 42.2602777778 3.8286111111
800 NIMER 47.4725000000 0.3569444444
801 NINES 38.6636111111 2.1613888889
802 NINIS 46.2836111111 4.4000000000
803 NINOT 39.2088888889 0.4833333333
804 NIPLO 46.3138888889 -0.0783333333
805 NIRAP 46.4677777778 -0.1700000000
806 NISMO 47.2769444444 -1.6283333333
807 NITBA 41.0716666667 1.9855555556
808 NITEM 47.4302777778 -1.8063888889
809 NITUB 46.3908333333 -0.1241666667
810 NIVET 43.1983333333 4.0427777778
811 NOGAT 44.6644444444 4.8363888889
812 NOLSA 42.4275000000 -1.9075000000
813 NORAY 43.5094444444 -4.1161111111
814 NORMI 46.8961111111 -2.0919444444
815 NORON 45.4847222222 0.6775000000
816 NOSKO 40.6563888889 -2.8166666667
817 NOUGA 44.6644650167 4.8299437667
818 NOVAN 46.3222222222 -3.6991666667
819 NOVAS 41.1822222222 1.7102777778
820 NTS 47.1608333333 -1.6130555556
821 NTS.A 47.1558157333 -1.6163421000
822 NTS.D 47.1545760333 -1.6067750667
823 NUBLO 42.6661111111 -4.9888888889
824 NURVI 43.2925000000 -3.3169444444
825 NUSGO 40.4055555556 -2.1583333333
826 NUVNU 47.2961111111 -0.7302777778
827 NVS 40.3686111111 -4.2494444444
828 NVS07 41.1388840833 -4.2735200167
829 OAN.A 47.9886040333 1.7760571333
830 OAN.D 47.9762150833 1.7730076167
831 OBEPA 45.5352777778 3.6183333333
832 OBETO 43.4761111111 -4.3333333333
833 OBIBO 39.6713888889 -2.7955555556
834 OBIKI 41.2272222222 -2.8597222222
835 OBUKO 45.7136111111 0.4036111111
836 OBURO 47.6516666667 4.2647222222
837 OBUTO 43.1591666667 0.0208333333
838 ODADI 43.7336111111 4.2144444444
839 ODAPA 41.4397222222 -4.1758333333
840 ODSEN 39.0641666667 0.4833333333
841 OGALO 44.2680555556 2.7233333333
842 OGRIL 43.2922222222 1.2350000000
843 OKABI 42.6161111111 1.4836111111
844 OKEKO 47.5402777778 3.1205555556
845 OKEPI 47.1452777778 3.3650000000
846 OKETA 41.7236111111 2.9961111111
847 OKIRA 47.0219444444 3.4405555556
848 OKITI 39.1163888889 1.4441666667
849 OKRIX 47.9661111111 3.5675000000
850 OLEBA 47.1569444444 -1.8480555556
851 OLERO 45.9697222222 -1.1502777778
852 OLIBO 43.5825000000 4.8258333333
853 OLINO 46.8825000000 1.0488888889
854 OLIRI 46.6350000000 3.4119444444
855 OLMIR 38.5311111111 2.5180555556
856 OLOLO 47.0519444444 1.6769444444
857 OLOTI 42.2083333333 2.4666666667
858 OLPOS 38.7269444444 -1.3422222222
859 OLRAK 44.7844444444 2.8372222222
860 OLUTO 39.6641666667 2.6125000000
861 OMANI 46.4572222222 3.7680555556
862 OMARI 47.1666666667 0.8247222222
863 OMILU 42.7372222222 -3.7805555556
864 ONZON 45.8350000000 4.1083333333
865 OPERA 39.6227777778 -0.7788888889
866 ORBIL 43.1900000000 2.4933333333
867 ORBIS 41.2658333333 -4.1952777778
868 ORFEO 39.8294444444 4.4938888889
869 ORG 44.1458333333 4.8572222222
870 ORG.A 44.1397642833 4.8693111167
871 ORG.D 44.1398630333 4.8642097333
872 ORS 47.9375000000 2.2427777778
873 ORS.A 47.9274160500 2.1913795000
874 ORS.D 47.8979294333 2.1675783333
875 ORTEZ 43.3655555556 -0.7166666667
876 ORVUS 39.3316666667 0.4313888889
877 OSBEN 47.0850000000 -1.6630555556
878 OSBIB 47.6336111111 3.4663888889
879 OSCAR 40.5636111111 -3.0675000000
880 OSGAL 39.0247222222 2.8997222222
881 OSGOT 43.6250000000 -1.5825000000
882 OSKAM 43.8316666667 1.2133333333
883 OSKIN 47.7188888889 3.4347222222
884 OSLUT 43.4630555556 4.1991666667
885 OSPES 40.3725000000 0.3469444444
886 OSPOK 40.8569444444 4.6666666667
887 OSTIX 41.5044444444 -3.1000000000
888 OSTUR 40.7808333333 2.8938888889
889 OSVAK 41.4875000000 0.5111111111
890 OSVAN 38.1166666667 -0.5633333333
891 OTARO 39.0000000000 4.6850000000
892 OTLOV 47.8477777778 -0.6883333333
893 OTROT 45.1136111111 4.4455555556
894 OVDIL 44.0883333333 0.8880555556
895 OXERA 43.2361111111 -2.7530555556
896 OXOTO 47.9755555556 2.0161111111
897 PA 39.5994444444 2.8211111111
898 PAKKI 43.1894444444 -2.5077777778
899 PAL.A 39.5640048000 2.7460279167
900 PAL.D 39.5517332667 2.7464473667
901 PALIO 40.2622222222 -3.0483333333
902 PAP 42.6883333333 -1.6608333333
903 PAPOS 40.6211111111 1.4491666667
904 PARLO 44.2655555556 2.7211111111
905 PAULI 40.4147222222 -4.6608333333
906 PDT 40.2527777778 -3.3480555556
907 PECES 38.4802777778 3.9497222222
908 PEDRO 38.8477777778 -2.1580555556
909 PEKIS 41.6488888889 1.1252777778
910 PEKOR 39.6191666667 3.3747222167
911 PELAT 41.0216666667 0.4425000000
912 PEPAX 47.0813888889 0.4525000000
913 PEPET 45.0841666667 -3.8672222222
914 PERAL 41.1883333333 2.0386111111
915 PERDU 42.7322222222 0.1511111111
916 PERIG 45.1172222222 0.9694444444
917 PERUK 41.1991666667 1.8330555556
918 PESAN 46.1991666667 3.3872222222
919 PETAM 39.6852777778 2.7525000000
920 PEXOT 40.8608333333 1.4519444444
921 PI 46.7038888889 0.4069444444
922 PIBAL 46.6819444444 0.7138888889
923 PIBAT 46.8058333333 4.2591666667
924 PIGUL 45.5744444444 0.7716666667
925 PIMAD 38.1666666667 2.5000000000
926 PIMAK 45.3916666667 4.0147222222
927 PIMUP 47.5402777778 3.3875000000
928 PINAN 43.5713888889 3.7455555556
929 PINAR 40.9802777778 -2.5991666667
930 PINTO 39.8283333333 2.3241666667
931 PIPOR 43.0091666667 -1.1080555556
932 PISAR 38.9897222222 -4.3136111111
933 PISUS 41.1936111111 -1.4550000000
934 PITUL 42.7008333333 -2.1933333333
935 PITUX 39.3686111111 2.6205555556
936 PIVUS 41.9238888889 3.9338888889
937 PIXIS 46.9402777778 3.7538888889
938 PL 42.6791666667 2.9244444444
939 PLANA 39.8905555556 -0.3263888889
940 PMR 43.0927777778 1.5961111111
941 PMR.A 43.0939158333 1.6342473000
942 PMR.D 43.0931356833 1.6978912000
943 PND 39.4375000000 -0.3463888889
944 PO 43.3141666667 -0.1661111111
945 POBIL 41.7661111111 1.8233333333
946 POBOS 38.7191666667 -1.7688888889
947 PODOG 41.3119444444 -4.4402777778
948 PODUX 42.9011111111 -1.8816666667
949 POI 46.5811111111 0.2980555556
950 POKET 45.1141666667 0.6180555556
951 POLLY 47.8936111111 2.7622222222
952 POLOP 38.3961111111 -0.1786111111
953 POMTA 47.7863888889 -3.6277777778
954 PONEN 41.3538888889 -0.5475000000
955 POPUL 43.9486111111 -2.8402777778
956 PORBU 42.4311111111 3.2008333333
957 POS 39.9275000000 3.1147222222
958 POSBA 40.2197222222 2.9052777778
959 POSSY 42.0613888889 0.1572222222
960 PPG 42.7505555556 2.8672222222
961 PPN 42.7338888889 -1.7019444444
962 PPN.A 42.7718839833 -1.6454431333
963 PPN.D 42.7365649833 -1.6337247833
964 PRADA 40.4655555556 -1.8358333333
965 PRADO 40.1475000000 -2.0102777778
966 PTC 39.4272222222 3.2566666667
967 PU 43.3205555556 -0.3050000000
968 PUMAL 42.3669444444 2.0083333333
969 PX 45.1663888889 0.9127777778
970 PXA 45.2028673667 0.8573040333
971 PXD 45.1943071333 0.8217579667
972 QPR 47.9572222222 -4.1847222222
973 RAMON 41.0091666667 -0.2852777778
974 RAPES 43.2466666667 1.9133333333
975 RARAK 44.0288888889 0.6925000000
976 RARUS 44.1202777778 4.7538888889
977 RATAS 42.5744444444 -4.0308333333
978 RATRA 44.7802777778 1.4775000000
979 RAVAX 40.9205555556 2.0880555556
980 RBO 40.8538888889 -3.2466666667
981 RBO01 40.7204721667 -3.3848052833
982 REBUL 41.6977777778 1.1136111111
983 RELVI 47.2761111111 -1.4708333333
984 REPSI 45.5225000000 4.2752777778
985 RES 41.1497222222 1.1711111111
986 RES.A 41.1431879333 1.1869708000
987 RES.D 41.1367288833 1.1648040167
988 RES01 41.0547276833 0.9115302000
989 RES05 41.4125538167 1.0948994167
990 RESBI 40.7366666667 -4.1877777778
991 RESVA 43.4216666667 -3.4430555556
992 RETBA 39.4436111111 -0.9088888889
993 REVAT 40.3830555556 -2.9427777778
994 RHONE 43.3861111111 4.8444444444
995 RIBAS 41.0352777778 1.6319444444
996 RIBOU 43.0797222222 1.9288888889
997 RIKLO 46.8036111111 -1.5997222222
998 RILAV 46.7511111111 -1.7383333333
999 RILON 43.9250000000 -1.0100000000
1000 RILUK 41.4358333333 1.3522222222
1001 RIMES 40.5580555556 -0.0638888889
1002 RIMOR 46.0227777778 3.4800000000
1003 RINED 46.6416666667 -1.7163888889
1004 RIPAL 39.9780555556 4.7713888889
1005 RIPUX 39.2466666667 -0.4397222222
1006 RISEP 39.6066666667 4.9930555556
1007 RISNO 47.9366666667 2.4488888889
1008 RISPU 45.8588888889 -0.3213888889
1009 RISUD 47.7708333333 -1.6966666667
1010 RISUN 46.3655555556 2.6033333333
1011 RITOR 46.1841666667 -1.5416666667
1012 RIVEK 46.3366666667 3.0800000000
1013 RIXEL 44.0038888889 3.3291666667
1014 RIXOT 40.3911111111 4.6666666667
1015 RL 46.1763888889 -1.0991666667
1016 RNN 46.1122222222 4.0372222222
1017 ROA 46.0591666667 3.9991666667
1018 ROC 45.8883333333 -0.9861111111
1019 ROCAN 42.6733333333 1.9466666667
1020 RODRA 41.0513888889 1.7302777778
1021 ROGEK 46.6544444444 -1.0388888889
1022 ROKAL 47.9552777778 -3.3561111111
1023 ROKIX 46.7419444444 -1.0938888889
1024 ROLIR 45.1744444444 4.8436111111
1025 ROLNU 46.5886111111 -1.1397222222
1026 ROM 44.3319444444 2.6072222222
1027 ROMAK 44.6300000000 2.4888888889
1028 ROMGI 46.1772222222 3.1127777778
1029 RONAL 41.7616666667 1.9116666667
1030 RONDU 38.8233333333 1.5427777778
1031 RONIS 45.7811111111 4.7130555556
1032 RONKO 42.4958333333 -1.0305555556
1033 RONSI 43.4844444444 -4.5036111111
1034 ROSPO 47.9616666667 -3.7508333333
1035 ROSTO 43.3769444444 -3.0891666667
1036 ROVAP 41.6044444444 0.8161111111
1037 ROVOT 43.3369444444 4.9288888889
1038 ROXIL 47.1088888889 1.9672222222
1039 ROYAN 45.6666666667 -1.0366666667
1040 RQ 47.9683333333 -3.9983333333
1041 RTN 47.3197222222 1.6880555556
1042 RUBEO 40.9541666667 -0.6863888889
1043 RUBOT 40.9738888889 1.7058333333
1044 RUKER 39.9494444444 -4.6111111111
1045 RULOS 41.1772222222 2.2813888889
1046 RUMEL 44.5000000000 0.9205555556
1047 RUPIT 39.4527777778 2.0269444444
1048 RUSEM 39.0000000000 -4.8469444444
1049 RUSIT 45.6680555556 4.8905555556
1050 RUXET 38.6688888889 0.6750000000
1051 RUXON 46.8270667667 -1.7356467333
1052 RZ 44.4319444444 2.4372222222
1053 SABAS 39.2338888889 2.4155555556
1054 SABLE 47.8530555556 -0.2500000000
1055 SADEM 41.2102777778 3.1738888889
1056 SADUR 41.4172222222 1.6738888889
1057 SALAS 41.1097222222 0.4763888889
1058 SALIN 43.2827777778 4.7302777778
1059 SALON 41.4944444444 3.1872222222
1060 SALSI 43.3477777778 2.3572222222
1061 SANBI 43.4852777778 -3.3200000000
1062 SANCE 47.2666666667 2.7416666667
1063 SANIS 41.1091666667 2.0036111111
1064 SANTI 38.2908333333 -3.3241666667
1065 SANTU 43.3227777778 -3.1166666667
1066 SARGO 40.5000000000 3.9919444444
1067 SARRA 43.1741666667 -2.5661111111
1068 SAU 44.6769444444 -0.1530555556
1069 SAU04 44.6890844167 -0.7131885333
1070 SAURA 40.2561111111 -0.1833333333
1071 SECHE 44.4386111111 0.5152777778
1072 SEDIL 41.3236111111 -1.4327777778
1073 SEGRE 41.0227777778 -2.3763888889
1074 SELVA 41.1961111111 1.1663888889
1075 SENIA 40.8686111111 0.7388888889
1076 SEROX 41.3466666667 0.2186111111
1077 SERRA 39.2661111111 -0.8569444444
1078 SGO 39.6741666667 -0.2077777778
1079 SGO.2 39.6840741500 -0.2225773167
1080 SIGOS 43.6902777778 -1.4175000000
1081 SIJAN 43.1975000000 2.9369444444
1082 SIMAR 43.8108333333 3.7944444444
1083 SINDO 42.1361111111 1.3236111111
1084 SINOP 46.3255408333 3.2834460500
1085 SINPO 46.3250000000 3.2833333333
1086 SIRGU 40.2605555556 -2.6002777778
1087 SISMO 40.6091666667 3.1458333333
1088 SLL 41.5200000000 2.1097222222
1089 SLL.A 41.5145652667 2.0225334833
1090 SLL.D 41.5083937833 2.0429941000
1091 SN 46.2944444444 4.1213888889
1092 SNR 43.4497222222 -3.9025000000
1093 SOBRO 39.4002777778 -0.8961111111
1094 SOGBO 44.8827777778 -0.8522222222
1095 SOLAX 39.2425000000 -4.9491666667
1096 SOLNO 45.6194444444 1.1133333333
1097 SOLSO 44.3850000000 -0.4775000000
1098 SOMAN 43.3386111111 -3.2750000000
1099 SOMED 47.4358333333 0.9419444444
1100 SOMOS 44.5486111111 -1.2391666667
1101 SOMTI 45.4502777778 2.9330555556
1102 SONGA 44.1988888889 1.0130555556
1103 SONTA 38.7730555556 1.1169444444
1104 SOPAD 45.6533333333 4.2055555556
1105 SOPET 39.8338888889 -0.0047222222
1106 SOPIL 47.0258333333 1.0550000000
1107 SORAS 40.5522222222 4.6666666667
1108 SORPO 43.3522222222 -3.5375000000
1109 SOSAV 39.2736111111 -1.4955555556
1110 SOSTO 43.7975000000 -1.2758333333
1111 SOSUR 42.5602777778 4.9975000000
1112 SOTAK 43.8213888889 0.9422222222
1113 SOTAX 39.5855555556 4.6666666667
1114 SOTIL 41.3588888889 2.2986111111
1115 SOTUK 39.1936111111 -4.7463888889
1116 SOVAR 42.7880555556 -0.2444444444
1117 SOVET 44.1388888889 1.7808333333
1118 SOVOS 43.3869444444 -0.9000000000
1119 SSN 43.3111111111 -1.8302777778
1120 SSY 40.5463888889 -3.5752777778
1121 SSY01 40.6397947500 -3.6712622000
1122 SUBAK 47.0691666667 -1.4908333333
1123 SUBIL 43.0286111111 4.6083333333
1124 SUDAD 43.1638888889 -0.0111111111
1125 SUDIL 47.1341666667 -1.6252777778
1126 SUGOM 46.0763888889 -2.3769444444
1127 SUKOS 41.2844444444 2.2363888889
1128 SULID 41.1844444444 3.4413888889
1129 SULIT 43.3836111111 1.2525000000
1130 SULOT 45.6038888889 3.8163888889
1131 SUMMO 38.3602777778 -0.2816666667
1132 SUNIR 43.3875000000 -3.1338888889
1133 SUNUL 47.1769444444 -2.8280555556
1134 SUPOS 42.8713888889 -1.7205555556
1135 SURAS 43.6425000000 1.0627777778
1136 SURCO 42.3288888889 -0.5680555556
1137 SURIB 38.3422222222 1.9169444444
1138 SURUD 43.4544444444 0.9791666667
1139 T18CA 45.0809404833 3.7758598500
1140 TAB 38.9458333333 -1.8636111111
1141 TABIL 47.9563888889 -0.9400000000
1142 TADAN 43.5769444444 0.5583333333
1143 TAGOM 40.9836111111 -3.4322222222
1144 TAKAT 44.6266666667 2.6005555556
1145 TALAR 45.9563888889 4.6044444444
1146 TALEN 39.1177777778 3.1313888889
1147 TALOL 43.3211111111 0.5583333333
1148 TAMOS 40.3522222222 -3.8000000000
1149 TASOS 40.9458333333 2.6497222222
1150 TATOS 40.0000000000 -0.2836111111
1151 TBO 43.3322222222 0.1458333333
1152 TBO.A 43.1906523667 0.0026345833
1153 TBO.D 43.1856326000 -0.0061062000
1154 TBO01 43.2877248333 0.9207309667
1155 TBO02 43.2766623833 1.0590255500
1156 TEBLA 41.3811111111 2.3250000000
1157 TEMIR 39.9469444444 -2.5038888889
1158 TEMPU 44.8469444444 -0.9955555556
1159 TEMTO 47.5950000000 -0.6150000000
1160 TEPRA 46.4958333333 -2.4244444444
1161 TEPTI 43.4094444444 0.3988888889
1162 TERPO 47.3488888889 -1.9288888889
1163 TERSA 40.7250000000 -2.1377833333
1164 TETIS 39.8972222222 3.9380555556
1165 THUNE 43.2538888889 -1.5663888889
1166 TILNO 38.7650000000 1.0055555556
1167 TIMOR 40.0113888889 4.2502777778
1168 TINEL 38.9169444444 1.6363888889
1169 TIRAV 46.5988888889 -1.3908333333
1170 TIRGO 41.7844444444 1.1261111111
1171 TIRUM 47.8369444444 -4.6627777778
1172 TIS 45.8819444444 3.5536111111
1173 TISGO 41.7066666667 2.6861111111
1174 TITAN 42.9577777778 -3.9750000000
1175 TITOX 46.5511111111 3.7180555556
1176 TJZ 40.4988888889 -3.4455555556
1177 TL 43.2883333333 0.0497222222
1178 TLB 43.9463888889 1.4413888889
1179 TLD 39.9694444444 -4.3375000000
1180 TLD01 39.6384119833 -4.0471143167
1181 TLF 43.5483333333 1.3683333333
1182 TLU 43.5483333333 1.3680555556
1183 TOBEK 40.1963888889 -3.4244444444
1184 TOE 43.4811111111 1.6800000000
1185 TOL.A 40.4949041667 -3.4619205667
1186 TOL.D 40.4909766500 -3.4508020667
1187 TOLSO 40.5000000000 2.3927777778
1188 TONIS 39.7750000000 3.2619444444
1189 TORDU 40.2580555556 0.5883333333
1190 TOSNU 41.0152777778 3.8069444444
1191 TOSTO 38.3641666667 -1.9361111111
1192 TOU 43.6808333333 1.3097222222
1193 TOU.A 43.6363061167 1.3635596833
1194 TOU.D 43.6347961833 1.3694255333
1195 TS 43.5086672333 1.4879274167
1196 TUBDI 47.7297222222 3.3811111111
1197 TUDRA 46.5388888889 0.7808333333
1198 TUENT 39.8450000000 2.6188888889
1199 TUGLI 45.3772222222 1.5244444444
1200 TUKRO 39.2461111111 2.6105555556
1201 TULNO 39.4838888833 -0.0069444500
1202 TUNAX 47.9125000000 0.2016666667
1203 TUNDI 40.8188888889 1.5702777778
1204 TUNOR 47.8833333333 4.1411111111
1205 TUNUR 44.6402777778 4.8400000000
1206 TUPAR 46.4291666667 -0.6627777778
1207 TUPID 47.7113888889 2.0638888889
1208 TUR 47.4222222222 0.7308333333
1209 TUR.A 47.4240863333 0.7541672333
1210 TUR.D 47.4324283000 0.7157942500
1211 TURPU 42.6777777778 -1.5425000000
1212 TURUV 42.3675000000 0.4750000000
1213 TUSAK 44.6508333333 1.6761111111
1214 TVD 41.7041666667 -4.8497222222
1215 TW 43.5305555556 1.0252777778
1216 UDALA 43.1102777778 -2.5105555556
1217 ULSES 39.8691666667 -2.4955555556
1218 ULT 45.5380555556 2.4197222222
1219 UNEKO 46.3300000000 -3.1902777778
1220 UNGAS 42.6822222222 -3.6997222222
1221 UNSOL 41.1588888889 -4.6111111111
1222 UREKU 43.4769444444 -1.3736111111
1223 URIAS 39.2358333333 -0.5000000000
1224 URIPO 38.9241666667 0.4833333333
1225 URUNA 43.3550000000 -1.7402777778
1226 USADO 39.0000000000 -3.6544444444
1227 USAKU 43.6241666667 0.4722222222
1228 USKAR 42.1436111111 1.0658333333
1229 UVRAK 44.9072222222 1.6669444444
1230 UXANA 45.2763888889 3.1791666667
1231 VAB 38.9472222222 -1.8594444444
1232 VABAR 42.1711111111 -2.6152777778
1233 VABUS 42.4975000000 -2.6400000000
1234 VADOX 43.7666666667 -3.9327777778
1235 VAGNA 45.0952777778 -0.3372222222
1236 VAKIN 41.9047222222 -0.3533333333
1237 VAKPI 43.3750000000 0.0936111111
1238 VAKSI 47.9991666667 -1.2347222222
1239 VALAG 43.6777777778 3.4180555556
1240 VALAX 47.5627777778 -1.1105555556
1241 VALDE 39.0372222222 -1.6600000000
1242 VALKU 45.9980555556 2.8180555556
1243 VAMIS 43.1711111111 -3.5091666667
1244 VAMUS 43.1739889667 -3.5140535000
1245 VANAD 47.8372222222 0.9072222222
1246 VANEG 47.6675000000 -2.4347222222
1247 VARES 43.5030555556 4.3230555556
1248 VARUT 39.0222222222 0.6750000000
1249 VARUX 44.8825000000 4.8538888889
1250 VASUM 42.2719444444 -2.0111111111
1251 VATIR 42.1722222222 4.1155555556
1252 VE 44.8488888889 4.9555555556
1253 VEGEL 42.5927777778 -2.0258333333
1254 VEGOB 45.5794444444 1.4797222222
1255 VELIN 44.9800000000 0.1555555556
1256 VELIR 45.4041666667 3.1825000000
1257 VELUD 47.1386111111 -1.3069444444
1258 VEMAK 40.6605555556 -3.2863888889
1259 VENAR 46.1436111111 -0.7205555556
1260 VENTI 43.2541666667 -2.5077777778
1261 VERAC 46.2902777778 0.1047222222
1262 VEROS 47.3400000000 2.2016666667
1263 VEROT 45.2163888889 4.1772222222
1264 VERSO 41.1530555556 3.7569444444
1265 VETAR 42.1780555556 -0.4933333333
1266 VFD 42.8805555556 -2.7244444444
1267 VGE 40.2897222222 -3.7261111111
1268 VIBIM 41.0708333333 2.2063888889
1269 VIBOK 41.5469444444 1.5019444444
1270 VIBUG 45.9575000000 3.3605555556
1271 VILAR 41.3416666667 0.5658333333
1272 VILGA 40.7644444444 1.8947222222
1273 VILLA 40.2330555556 -2.4105555556
1274 VILNA 38.5397222222 -0.8166666667
1275 VIRTU 40.5622222222 -2.4994444444
1276 VISON 40.1611111111 -3.5025000000
1277 VJ025 40.9383331500 -2.8056998833
1278 VJZ 40.5641666667 -3.3602777778
1279 VJZ.d 40.5557812167 -3.3579743667
1280 VJZ01 40.2422156000 -3.2478838000
1281 VJZ04 40.3291508833 -3.6721250333
1282 VJZ08 39.7727199333 -3.1042727667
1283 VLA 41.3427777778 1.5477777778
1284 VLC 39.4855555556 -0.4830555556
1285 VLC.A 39.4977367333 -0.4724928667
1286 VLC.D 39.4867413500 -0.5248960500
1287 VLD 41.7894444444 -4.7391666667
1288 VNE 45.5563888889 4.8833333333
1289 VNV 41.2105555556 1.7058333333
1290 VNv 41.2082893833 1.6926711000
1291 VOGEL 42.5893273500 -2.0194768333
1292 VRA 42.7319444444 -2.8655555556
1293 VTA 42.9280555556 -2.6797222222
1294 VTB 39.7808333333 -3.4641666667
1295 VTZ 40.4755555556 -3.4719444444
1296 VZ 46.1275000000 3.3950000000
1297 WALLY 39.7544444444 -1.0941666667
1298 XALUD 39.0000000000 -4.9619444444
1299 XAMUR 41.4030555556 2.8719444444
1300 XAPEL 46.6400000000 3.9666666667
1301 XARON 38.4050000000 2.8538888889
1302 XEBAR 38.5211111111 -2.0927777778
1303 XEPLA 41.6872222222 2.0725000000
1304 XERAK 44.9652777778 2.0000000000
1305 XERAX 44.9652777833 2.0000000000
1306 XERGI 46.2719444444 -0.8966666667
1307 XERMA 41.5036111111 -3.6136111111
1308 XESPA 38.5969444444 3.1416666667
1309 XORNA 43.8125000000 -3.4516666667
1310 XOSTA 39.1330555556 0.7416666667
1311 XULSA 39.0000000000 -4.2694444444
1312 XUPAL 45.0405555556 2.6227777778
1313 XURAL 39.2872222222 2.7211111111
1314 YES 38.3608333333 -2.3525000000
1315 YN 46.6891666667 -1.2863888889
1316 ZANKO 41.2880555556 -4.9647222222
1317 ZAR.A 41.6611099667 -1.0553142667
1318 ZAR.D 41.6694129833 -1.0370439667
1319 ZARKO 42.0050000000 -0.7927777778
1320 ZEBRA 43.6158333333 4.9600000000
1321 ZORIN 38.2919444444 -0.9813888889
1322 ZR 43.3269444444 3.2830555556
1323 ZRZ 41.7305555556 -1.1933333333
1324 ZURDO 39.1108333333 1.4450000000
1325 ZURIA 42.8175000000 -2.4497222222
1326 ZZA 41.6028794000 -0.8782301333